2Mb	0	0	1102	1102
2Mb	1	1202	4470	3268
2Mb	2	4570	9508	4938
2Mb	3	9608	18454	8846
2Mb	4	18554	26080	7526
2Mb	5	26180	30420	4240
2Mb	6	30520	31706	1186
2Mb	7	31806	37266	5460
2Mb	8	37366	39697	2331
2Mb	9	39797	45457	5660
2Mb	10	45557	48010	2453
2Mb	11	48110	51414	3304
2Mb	12	51514	55981	4467
2Mb	13	56081	59322	3241
2Mb	14	59422	61947	2525
2Mb	15	62047	65991	3944
2Mb	16	66091	67438	1347
2Mb	17	67538	75667	8129
2Mb	18	75767	79449	3682
2Mb	19	79549	85186	5637
2Mb	20	85286	93119	7833
2Mb	21	93219	95512	2293
2Mb	22	95612	101548	5936
2Mb	23	101648	102326	678
2Mb	24	102426	105042	2616
2Mb	25	105142	109016	3874
2Mb	26	109116	113132	4016
2Mb	27	113232	115090	1858
2Mb	28	115190	117189	1999
2Mb	29	117289	118550	1261
2Mb	30	118650	121072	2422
2Mb	31	121172	124827	3655
2Mb	32	124927	128093	3166
2Mb	33	128193	129357	1164
2Mb	34	129457	133808	4351
2Mb	35	133908	140943	7035
2Mb	36	141043	147995	6952
2Mb	37	148095	149201	1106
2Mb	38	149301	152104	2803
2Mb	39	152204	157241	5037
2Mb	40	157341	158494	1153
2Mb	41	158594	159569	975
2Mb	42	159669	162859	3190
2Mb	43	162959	163801	842
2Mb	44	163901	167129	3228
2Mb	45	167229	172762	5533
2Mb	46	172862	174883	2021
2Mb	47	174983	181580	6597
2Mb	48	181680	186417	4737
2Mb	49	186517	188148	1631
2Mb	50	188248	190267	2019
2Mb	51	190367	193939	3572
2Mb	52	194039	195223	1184
2Mb	53	195323	196664	1341
2Mb	54	196764	198588	1824
2Mb	55	198688	201609	2921
2Mb	56	201709	202805	1096
2Mb	57	202905	203519	614
2Mb	58	203619	204499	880
2Mb	59	204599	205443	844
2Mb	60	205543	215424	9881
2Mb	61	215524	217565	2041
2Mb	62	217665	218749	1084
2Mb	63	218849	223761	4912
2Mb	64	223861	238671	14810
2Mb	65	238771	245730	6959
2Mb	66	245830	338489	92659
2Mb	67	338589	341060	2471
2Mb	68	341160	344508	3348
2Mb	69	344608	351222	6614
2Mb	70	351322	352367	1045
2Mb	71	352467	359125	6658
2Mb	72	359225	367763	8538
2Mb	73	367863	375031	7168
2Mb	74	375131	376933	1802
2Mb	75	377033	382289	5256
2Mb	76	382389	395724	13335
2Mb	77	395824	398690	2866
2Mb	78	398790	401585	2795
2Mb	79	401685	432292	30607
2Mb	80	432392	433447	1055
2Mb	81	433547	435563	2016
2Mb	82	435663	454386	18723
2Mb	83	454486	465644	11158
2Mb	84	465744	490172	24428
2Mb	85	490272	491173	901
2Mb	86	491273	493522	2249
2Mb	87	493622	496887	3265
2Mb	88	496987	498745	1758
2Mb	89	498845	499916	1071
2Mb	90	500016	503826	3810
2Mb	91	503926	507662	3736
2Mb	92	507762	509750	1988
2Mb	93	510750	527468	16718
2Mb	94	527568	533186	5618
2Mb	95	533286	535975	2689
2Mb	96	536075	538090	2015
2Mb	97	538190	557733	19543
2Mb	98	557833	562590	4757
2Mb	99	562690	566116	3426
2Mb	100	566216	572357	6141
2Mb	101	572457	577909	5452
2Mb	102	578009	581100	3091
2Mb	103	581200	582711	1511
2Mb	104	582811	590940	8129
2Mb	105	591040	611541	20501
2Mb	106	611641	617676	6035
2Mb	107	617776	666794	49018
2Mb	108	666894	726732	59838
2Mb	109	726832	728085	1253
2Mb	110	728185	729685	1500
2Mb	111	729785	770767	40982
2Mb	112	770867	835606	64739
2Mb	113	835706	841932	6226
2Mb	114	842032	842928	896
2Mb	115	843028	848896	5868
2Mb	116	848996	851445	2449
2Mb	117	851545	922283	70738
2Mb	118	922383	924003	1620
2Mb	119	924103	941545	17442
2Mb	120	941645	966968	25323
2Mb	121	967068	992833	25765
2Mb	122	992933	1012695	19762
2Mb	123	1012795	1013742	947
2Mb	124	1013842	1015999	2157
2Mb	125	1016099	1039199	23100
2Mb	126	1039299	1058742	19443
2Mb	127	1058842	1064789	5947
2Mb	128	1064889	1090544	25655
2Mb	129	1090644	1111943	21299
2Mb	130	1112043	1170233	58190
2Mb	131	1170333	1175902	5569
2Mb	132	1176002	1184391	8389
2Mb	133	1184491	1193880	9389
2Mb	134	1193980	1195600	1620
2Mb	135	1195700	1202707	7007
2Mb	136	1202807	1221327	18520
2Mb	137	1221427	1222819	1392
2Mb	138	1222919	1225056	2137
2Mb	139	1225156	1226248	1092
2Mb	140	1226348	1236311	9963
2Mb	141	1236411	1262679	26268
2Mb	142	1262779	1264200	1421
2Mb	143	1264300	1295918	31618
2Mb	144	1296018	1305785	9767
2Mb	145	1305885	1309724	3839
2Mb	146	1309824	1327609	17785
2Mb	147	1327709	1328663	954
2Mb	148	1328763	1330979	2216
2Mb	149	1331079	1341186	10107
2Mb	150	1341286	1377187	35901
2Mb	151	1377287	1378602	1315
2Mb	152	1378702	1380231	1529
2Mb	153	1380331	1440524	60193
2Mb	154	1440624	1461113	20489
2Mb	155	1461213	1465077	3864
2Mb	156	1465177	1466867	1690
2Mb	157	1466967	1474891	7924
2Mb	158	1474991	1476956	1965
2Mb	159	1477056	1526641	49585
2Mb	160	1526741	1543207	16466
2Mb	161	1543307	1545934	2627
2Mb	162	1546034	1574571	28537
2Mb	163	1574671	1603852	29181
2Mb	164	1603952	1627182	23230
2Mb	165	1627282	1642093	14811
2Mb	166	1642193	1645911	3718
2Mb	167	1646011	1662572	16561
2Mb	168	1662672	1676560	13888
2Mb	169	1676660	1679246	2586
2Mb	170	1679346	1755195	75849
2Mb	171	1755295	1761198	5903
2Mb	172	1761298	1765961	4663
2Mb	173	1766061	1770813	4752
2Mb	174	1770913	1773149	2236
2Mb	175	1773249	1774312	1063
2Mb	176	1774412	1813216	38804
2Mb	177	1813316	1852480	39164
2Mb	178	1852580	1858474	5894
2Mb	179	1858574	1861712	3138
2Mb	180	1861812	1873272	11460
2Mb	181	1873372	1893912	20540
2Mb	182	1894012	1898481	4469
2Mb	183	1898581	1900757	2176
2Mb	184	1900857	1903947	3090
2Mb	185	1904047	1933684	29637
2Mb	186	1933784	1948537	14753
2Mb	187	1948637	1962432	13795
2Mb	188	1962532	1972412	9880
2Mb	189	1972512	1975920	3408
2Mb	190	1976020	1978145	2125
2Mb	191	1978245	1979367	1122
2Mb	192	1979467	1985626	6159
2Mb	193	1985726	2000000	14274
